7
Human_KLRC3     0.0000000 0.0668102 0.0282662 0.0325924 0.0853664 0.0699125 0.0682930 
Human_KLRC2     0.0668102 0.0000000 0.0812680 0.0862022 0.0340046 0.0250044 0.0556737 
Bonobo_KLRC3    0.0282662 0.0812680 0.0000000 0.0225501 0.0935032 0.0763335 0.0731004 
Chimp_KLRC3     0.0325924 0.0862022 0.0225501 0.0000000 0.1001070 0.0828276 0.0860911 
Chimp_KLRC2a    0.0853664 0.0340046 0.0935032 0.1001070 0.0000000 0.0204728 0.0649056 
Gorilla_KLRC2   0.0699125 0.0250044 0.0763335 0.0828276 0.0204728 0.0000000 0.0523752 
Orangutan_KLRC2 0.0682930 0.0556737 0.0731004 0.0860911 0.0649056 0.0523752 0.0000000 
